-0.0996094 -0.0996094 -0.0605469 -0.382683 0 0 0.92388 -2.34326e-17 -0.382683 0.92388 5.65713e-17 -0.19509 0 0 0.980785 0 0 0 1 
-0.0996094 -0.0996094 -0.0566406 -0.382683 0 0 0.92388 -2.34326e-17 -0.382683 0.92388 5.65713e-17 -0.19509 0 0 0.980785 0 0 0 1 
-0.0996094 -0.0996094 -0.0527344 -0.382683 0 0 0.92388 -2.34326e-17 -0.382683 0.92388 5.65713e-17 -0.19509 0 0 0.980785 0 0 0 1 
-0.0996094 -0.0996094 -0.349609 0 0 0 1 0 0 1 6.12323e-17 0.19509 0 0 0.980785 1.19458e-17 0.19509 0.980785 6.00558e-17 
-0.0996094 -0.0996094 -0.345703 0 0 0 1 0 0 1 6.12323e-17 0.19509 0 0 0.980785 1.19458e-17 0.19509 0.980785 6.00558e-17 
0.0996094 -0.0996094 -0.0605469 -0.382683 0 0 0.92388 -2.34326e-17 -0.382683 0.92388 5.65713e-17 -0.19509 0 0 0.980785 0 0 0 1 
0.0996094 -0.0996094 -0.0566406 -0.382683 0 0 0.92388 -2.34326e-17 -0.382683 0.92388 5.65713e-17 -0.19509 0 0 0.980785 0 0 0 1 
0.0996094 -0.0996094 -0.0527344 -0.382683 0 0 0.92388 -2.34326e-17 -0.382683 0.92388 5.65713e-17 -0.19509 0 0 0.980785 0 0 0 1 
0.0996094 -0.0996094 -0.349609 0 0 0 1 0 0 1 6.12323e-17 0.19509 0 0 0.980785 1.19458e-17 0.19509 0.980785 6.00558e-17 
0.0996094 -0.0996094 -0.345703 0 0 0 1 0 0 1 6.12323e-17 0.19509 0 0 0.980785 1.19458e-17 0.19509 0.980785 6.00558e-17 
0.298828 0.0996094 -0.166016 -0.382683 0 0 0.92388 0.270598 -0.270598 0.653281 -0.653281 -0.19509 0 0 0.980785 -0.13795 -0.13795 0.69352 0.69352 0 0 0.707107 0.707107 0.13795 0.13795 0.69352 0.69352 
0.298828 0.0996094 -0.162109 -0.382683 0 0 0.92388 0.270598 -0.270598 0.653281 -0.653281 -0.19509 0 0 0.980785 -0.13795 -0.13795 0.69352 0.69352 0 0 0.707107 0.707107 0.13795 0.13795 0.69352 0.69352 
0.298828 0.0996094 -0.158203 -0.382683 0 0 0.92388 0.270598 -0.270598 0.653281 -0.653281 -0.19509 0 0 0.980785 -0.13795 -0.13795 0.69352 0.69352 0 0 0.707107 0.707107 0.13795 0.13795 0.69352 0.69352 
0.298828 0.0996094 -0.154297 -0.382683 0 0 0.92388 0.270598 -0.270598 0.653281 -0.653281 -0.19509 0 0 0.980785 -0.13795 -0.13795 0.69352 0.69352 0 0 0.707107 0.707107 
0.298828 0.0996094 -0.349609 0 0 0 1 0 0 0.707107 0.707107 0 0 0.707107 -0.707107 0.19509 0 0 0.980785 0.13795 0.13795 0.69352 0.69352 -0.13795 0.13795 0.69352 -0.69352 
0.298828 0.0996094 -0.345703 0 0 0 1 0 0 0.707107 0.707107 0 0 0.707107 -0.707107 0.19509 0 0 0.980785 0.13795 0.13795 0.69352 0.69352 -0.13795 0.13795 0.69352 -0.69352 
-0.298828 0.0996094 -0.169922 -0.382683 0 0 0.92388 -0.270598 -0.270598 0.653281 0.653281 -0.19509 0 0 0.980785 -0.13795 -0.13795 0.69352 0.69352 0.13795 -0.13795 0.69352 -0.69352 0 0 0 1 0 0 0.707107 -0.707107 -0.13795 0.13795 0.69352 -0.69352 
-0.298828 0.0996094 -0.166016 -0.382683 0 0 0.92388 -0.270598 -0.270598 0.653281 0.653281 -0.19509 0 0 0.980785 0.13795 -0.13795 0.69352 -0.69352 0 0 0.707107 -0.707107 -0.13795 0.13795 0.69352 -0.69352 
-0.298828 0.0996094 -0.162109 -0.382683 0 0 0.92388 -0.270598 -0.270598 0.653281 0.653281 -0.19509 0 0 0.980785 0.13795 -0.13795 0.69352 -0.69352 0 0 0.707107 -0.707107 -0.13795 0.13795 0.69352 -0.69352 
-0.298828 0.0996094 -0.158203 -0.382683 0 0 0.92388 -0.270598 -0.270598 0.653281 0.653281 -0.19509 0 0 0.980785 0.13795 -0.13795 0.69352 -0.69352 0 0 0.707107 -0.707107 -0.13795 0.13795 0.69352 -0.69352 
-0.298828 0.0996094 -0.349609 0 0 0 1 0 0 0.707107 0.707107 0 0 0.707107 -0.707107 0.19509 0 0 0.980785 0.13795 0.13795 0.69352 0.69352 -0.13795 0.13795 0.69352 -0.69352 
-0.298828 0.0996094 -0.345703 0 0 0 1 0 0 0.707107 0.707107 0 0 0.707107 -0.707107 0.19509 0 0 0.980785 0.13795 0.13795 0.69352 0.69352 -0.13795 0.13795 0.69352 -0.69352 
-0.298828 -0.0996094 -0.181641 -0.270598 -0.270598 0.653281 0.653281 -2.34326e-17 -0.382683 0.92388 5.65713e-17 -0.13795 -0.13795 0.69352 0.69352 -1.19458e-17 -0.19509 0.980785 6.00558e-17 
-0.298828 -0.0996094 -0.177734 -0.270598 -0.270598 0.653281 0.653281 -2.34326e-17 -0.382683 0.92388 5.65713e-17 -0.13795 -0.13795 0.69352 0.69352 -1.19458e-17 -0.19509 0.980785 6.00558e-17 
-0.298828 -0.0996094 -0.173828 -0.270598 -0.270598 0.653281 0.653281 -2.34326e-17 -0.382683 0.92388 5.65713e-17 -0.13795 -0.13795 0.69352 0.69352 -1.19458e-17 -0.19509 0.980785 6.00558e-17 
-0.298828 -0.0996094 -0.349609 0 0 0.707107 0.707107 0 0 1 6.12323e-17 0.13795 0.13795 0.69352 0.69352 1.19458e-17 0.19509 0.980785 6.00558e-17 
-0.298828 -0.0996094 -0.345703 0 0 0.707107 0.707107 0 0 1 6.12323e-17 0.13795 0.13795 0.69352 0.69352 1.19458e-17 0.19509 0.980785 6.00558e-17 
0.298828 -0.0996094 -0.181641 -2.34326e-17 -0.382683 0.92388 5.65713e-17 0.270598 -0.270598 0.653281 -0.653281 -1.19458e-17 -0.19509 0.980785 6.00558e-17 0.13795 -0.13795 0.69352 -0.69352 
0.298828 -0.0996094 -0.177734 -2.34326e-17 -0.382683 0.92388 5.65713e-17 0.270598 -0.270598 0.653281 -0.653281 -1.19458e-17 -0.19509 0.980785 6.00558e-17 0.13795 -0.13795 0.69352 -0.69352 
0.298828 -0.0996094 -0.173828 -2.34326e-17 -0.382683 0.92388 5.65713e-17 0.270598 -0.270598 0.653281 -0.653281 -1.19458e-17 -0.19509 0.980785 6.00558e-17 0.13795 -0.13795 0.69352 -0.69352 
0.298828 -0.0996094 -0.349609 0 0 1 6.12323e-17 0 0 0.707107 -0.707107 1.19458e-17 0.19509 0.980785 6.00558e-17 -0.13795 0.13795 0.69352 -0.69352 
0.298828 -0.0996094 -0.345703 0 0 1 6.12323e-17 0 0 0.707107 -0.707107 1.19458e-17 0.19509 0.980785 6.00558e-17 -0.13795 0.13795 0.69352 -0.69352 
